1.000000000000000021e-02 4.706852115452063168e-01
2.000000000000000042e-02 5.530781190904140443e-01
2.199999999999999872e-02 5.695567005994556231e-01
2.500000000000000139e-02 5.942745728630178803e-01
2.900000000000000147e-02 6.272317358811010379e-01
2.999999999999999889e-02 6.354710266356218273e-01
3.200000000000000067e-02 6.519496081446632951e-01
3.500000000000000333e-02 6.766674804082256633e-01
3.599999999999999728e-02 6.849067711627464528e-01
4.000000000000000083e-02 7.178639341808294994e-01
4.200000000000000261e-02 7.343425156898709671e-01
4.399999999999999745e-02 7.508210971989125460e-01
4.499999999999999833e-02 7.590603879534334464e-01
4.599999999999999922e-02 7.672996787079541248e-01
4.800000000000000100e-02 7.837782602169958146e-01
5.000000000000000278e-02 8.002568417260372824e-01
5.500000000000000028e-02 8.414532954986411184e-01
5.999999999999999778e-02 8.826497492712450654e-01
6.500000000000000222e-02 9.238462030438489014e-01
6.700000000000000400e-02 9.403247845528904802e-01
7.000000000000000666e-02 9.650426568164528485e-01
7.499999999999999722e-02 9.707307599999962511e-01
8.000000000000000167e-02 9.707307599999962511e-01
8.500000000000000611e-02 9.707307599999962511e-01
8.999999999999999667e-02 9.707307599999962511e-01
9.500000000000000111e-02 9.707307599999962511e-01
1.000000000000000056e-01 9.707307599999962511e-01
1.100000000000000006e-01 9.707307599999962511e-01
1.199999999999999956e-01 9.707307599999962511e-01
1.300000000000000044e-01 9.707307599999962511e-01
1.330000000000000071e-01 9.707307599999962511e-01
1.400000000000000133e-01 9.707307599999962511e-01
1.499999999999999944e-01 9.707307599999962511e-01
1.600000000000000033e-01 9.707307599999962511e-01
1.700000000000000122e-01 9.707307599999962511e-01
1.799999999999999933e-01 9.707307599999962511e-01
1.900000000000000022e-01 9.707307599999962511e-01
2.000000000000000111e-01 9.707307599999962511e-01
2.200000000000000011e-01 9.707307599999962511e-01
2.399999999999999911e-01 9.707307599999962511e-01
2.500000000000000000e-01 9.707307599999962511e-01
2.600000000000000089e-01 9.707307599999962511e-01
2.800000000000000266e-01 9.707307599999962511e-01
2.899999999999999800e-01 9.707307599999962511e-01
2.999999999999999889e-01 9.707307599999962511e-01
3.200000000000000067e-01 9.707307599999962511e-01
3.400000000000000244e-01 9.707307599999962511e-01
3.499999999999999778e-01 9.707307599999962511e-01
3.599999999999999867e-01 9.530737499999969442e-01
3.800000000000000044e-01 9.029119736842076138e-01
4.000000000000000222e-01 8.577663749999971943e-01
4.199999999999999845e-01 8.169203571428546029e-01
4.400000000000000022e-01 7.797876136363611765e-01
4.500000000000000111e-01 7.624589999999975554e-01
4.600000000000000200e-01 7.458838043478236424e-01
4.799999999999999822e-01 7.148053124999976804e-01
5.000000000000000000e-01 6.862130999999977998e-01
5.500000000000000444e-01 6.238300909090888080e-01
5.999999999999999778e-01 5.718442499999981665e-01
6.500000000000000222e-01 5.278562307692290512e-01
6.670000000000000373e-01 5.144026236881542591e-01
6.999999999999999556e-01 4.901522142857127617e-01
7.500000000000000000e-01 4.574753999999985332e-01
8.000000000000000444e-01 4.288831874999985971e-01
8.499999999999999778e-01 4.036547647058810750e-01
9.000000000000000222e-01 3.812294999999987777e-01
9.499999999999999556e-01 3.611647894736830788e-01
1.000000000000000000e+00 3.431065499999988999e-01
1.100000000000000089e+00 3.119150454545444040e-01
1.199999999999999956e+00 2.859221249999990833e-01
1.300000000000000044e+00 2.639281153846145256e-01
1.399999999999999911e+00 2.450761071428563809e-01
1.500000000000000000e+00 2.287376999999992666e-01
1.600000000000000089e+00 2.144415937499992986e-01
1.699999999999999956e+00 2.018273823529405375e-01
1.800000000000000044e+00 1.906147499999993888e-01
1.899999999999999911e+00 1.805823947368415394e-01
2.000000000000000000e+00 1.715532749999994500e-01
2.200000000000000178e+00 1.559575227272722020e-01
2.399999999999999911e+00 1.429610624999995416e-01
2.500000000000000000e+00 1.372426199999995655e-01
2.600000000000000089e+00 1.319640576923072628e-01
2.799999999999999822e+00 1.225380535714281904e-01
3.000000000000000000e+00 1.143688499999996333e-01
3.200000000000000178e+00 1.072207968749996493e-01
3.399999999999999911e+00 1.009136911764702688e-01
3.500000000000000000e+00 9.803044285714254680e-02
3.600000000000000089e+00 9.530737499999969442e-02
3.799999999999999822e+00 9.029119736842076971e-02
4.000000000000000000e+00 8.577663749999972498e-02
4.200000000000000178e+00 8.169203571428544641e-02
4.400000000000000355e+00 7.797876136363610100e-02
4.599999999999999645e+00 7.458838043478237256e-02
4.799999999999999822e+00 7.148053124999977082e-02
5.000000000000000000e+00 6.862130999999978276e-02
5.500000000000000000e+00 6.238300909090888774e-02
6.000000000000000000e+00 5.718442499999981665e-02
6.500000000000000000e+00 4.872519053254421861e-02
7.000000000000000000e+00 4.201304693877536828e-02
7.500000000000000000e+00 3.659803199999987766e-02
8.000000000000000000e+00 3.216623906249989340e-02
8.500000000000000000e+00 2.849327750865042475e-02
9.000000000000000000e+00 2.541529999999991504e-02
9.500000000000000000e+00 2.281040775623261255e-02
1.000000000000000000e+01 2.058639299999993205e-02
1.100000000000000000e+01 1.701354793388424116e-02
1.200000000000000000e+01 1.429610624999995243e-02
1.300000000000000000e+01 1.218129763313605465e-02
1.400000000000000000e+01 1.050326173469384207e-02
1.500000000000000000e+01 9.149507999999969415e-03
2.000000000000000000e+01 5.146598249999983013e-03
